
strategic_region={
	id=11
	name="STRATEGICREGION_11"
	provinces={
		583 597 643 700 799 831 872 1100 1114 1187 1242 1247 1265 1381 1455 1497 1517 1577 1625 1662 1710 1740 1751 1765 1791 1810 1827 1840 1889 2100 2103 2108 2123 2192 2228 2394 2424 2481 2486 2518 2531 2558 2614 2661 2732 2742 2750 2762 2955 2991 3027 3096 3108 3216 3286 3297 3321 3355 3410 3450 3532 3564 3604 3631 3636 3648 3651 3663 3688 3738 3771 3805 3816 3852 3910 3952 3971 4004 4005 4018 4115 4179 4226 4260 4285 4303 4403 4444 4537 4575 4585 4613 4621 4658 4682 4687 4699 4745 4826 4915 4940 4968 5036 5071 5092 5106 5120 5145 5169 5213 5365 5391 5500 5532 5547 5554 5556 5566 5602 5612 5617 5694 5740 5751 5755 5807 5987 6106 6140 6195 6252 6268 6282 6428 6503 6560 6668 7872 7914 7921 7944 7973 7986 8013 8019 8062 8066 8070 8081 8104 8113 8122 8154 8155 8156 8160 8176 8177 8184 8185 8203 8214 8225 8229 8247 8248 8260 8264 8273 8284 8285 8297 8298 8304 8324 8328 8329 8335 8341 8347 8361 8370 8373 8374 8379 8388 8389 8393 8398 8399 8400 8405 8407 8408 8412 8413 8414 8432 8439 8442 8446 8450 8451 8459 8460 8464 8468 8489 8490 8492 8497 8501 8502 8505 8509 8529 8550 8565 8566 8575 8582 8583 8591 8592 8596 8602 8607 8618 8632 8633 8642 8643 8654 8689 8690 8696 8697 8706 8715 8719 8723 8724 8734 8735 8743 8750 8784 8800 8817 8821 8827 8829 8847 8852 8854 8859 8864 8877 8887 8892 8898 8902 8932 8933 8984 8998 8999 9024 9027 9035 9079 9145 9156 9202 
	}
	weather={
	}
}
