
strategic_region={
	id=12
	name="STRATEGICREGION_12"
	provinces={
		104 209 277 296 298 318 383 446 467 506 560 602 672 678 725 779 792 794 811 891 914 986 998 1109 1110 1118 1161 1169 1195 1199 1257 1297 1316 1378 1440 1488 1536 1541 1543 1560 1572 1619 1661 1674 1706 1728 1761 1768 1821 1847 1860 1888 1990 1992 2007 2033 2053 2094 2102 2121 2125 2130 2135 2137 2160 2162 2194 2202 2297 2318 2323 2324 2326 2343 2392 2438 2478 2510 2550 2552 2563 2574 2590 2626 2635 2642 2659 2663 2694 2705 2735 2741 2833 2842 2850 2851 2913 2937 2952 2961 2968 2976 3009 3017 3028 3058 3061 3115 3126 3141 3175 3190 3339 3400 3436 3442 3443 3445 3470 3499 3525 3540 3571 3583 3602 3630 3632 3671 3704 3768 3834 3871 3920 3931 3953 3964 3974 3977 4000 4001 4044 4050 4061 4065 4105 4143 4201 4332 4373 4414 4436 4475 4479 4504 4536 4548 4573 4603 4618 4649 4663 4778 4813 4825 4829 4834 4839 4849 4862 4950 4977 5103 5119 5150 5180 5181 5232 5275 5307 5315 5342 5353 5408 5455 5470 5513 5523 5525 5543 5583 5596 5601 5642 5655 5692 5711 5777 5792 5794 5873 5880 5937 5963 6016 6022 6037 6040 6061 6071 6097 6117 6158 6159 6173 6179 6203 6232 6241 6296 6300 6330 6366 6468 6484 6497 6502 6550 6568 6575 6585 6591 6603 6636 6672 6685 6690 7105 7106 7117 7118 7141 7148 7149 7161 7165 7167 7169 7176 7180 7190 7191 7195 7201 7216 7223 7232 7234 7235 7251 7252 7263 7265 7269 7281 7282 7284 7291 7297 7310 7311 7327 7338 7345 7348 7351 7361 7383 7384 7385 7399 7405 7406 7408 7418 7422 7423 7432 7433 7440 7453 7454 7460 7463 7475 7488 7489 7490 7493 7494 7510 7511 7514 7522 7523 7532 7537 7538 7539 7540 7543 7544 7545 7551 7552 7553 7559 7560 7561 7562 7572 7573 7576 7577 7580 7588 7590 7591 7594 7595 7600 7601 7608 7613 7614 7615 7621 7622 7623 7624 7633 7638 7639 7643 7646 7650 7651 7656 7658 7659 7660 7665 7666 7670 7673 7674 7678 7688 7698 7701 7702 7711 7712 7713 7714 7715 7721 7729 7736 7737 7745 7746 7752 7753 7760 7766 7772 7773 7774 7783 7790 7796 7797 7798 7799 7807 7808 7809 7816 7817 7820 7821 7825 7830 7834 7839 7842 7845 7846 7848 7862 7863 7866 7867 7873 7878 7879 7880 7882 7891 7897 7898 7904 7907 7910 7911 7915 7916 7919 7920 7922 7923 7932 7938 7939 7940 7945 7948 7951 7954 7955 7958 7959 7963 7964 7970 7974 7988 7991 7992 8008 8009 8014 8030 8035 8036 8040 8046 8047 8050 8052 8053 8054 8063 8071 8072 8076 8086 8095 8100 8105 8114 8123 8139 8146 8169 8172 8178 8179 8186 8191 8195 8221 8230 8231 8232 8242 8243 8249 8265 8274 8278 8279 8291 8292 8293 8313 8336 8337 
	}
	weather={
	}
}
