
strategic_region={
	id=44
	name="STRATEGICREGION_44"
	provinces={
		216 382 445 674 800 867 1102 1311 1358 1434 1503 1672 1732 1798 1841 1903 1950 1952 2015 2031 2060 2236 2267 2418 2426 2474 2529 2565 2678 2701 2761 2779 2918 3121 3247 3282 3283 3330 3394 3404 3407 3428 3546 3649 3665 3731 3732 3744 4016 4157 4234 4280 4289 4533 4571 4638 4708 5012 5061 5254 5399 5413 5430 5457 5514 5538 5629 5953 5989 6046 6128 6652 9842 9849 9852 9863 9865 9875 9922 9930 9944 9945 9963 9971 9984 9998 9999 10000 10005 10009 10010 10014 10017 10038 10042 10049 10050 10051 10052 10056 10057 10066 10072 10078 10083 10091 10100 10120 10126 10135 10141 10154 10155 10156 10172 10186 10187 10188 10198 10207 10214 10215 10222 10230 10231 10234 10237 10238 10239 10250 10251 10254 10267 10270 10271 10291 10301 10307 10308 10313 10321 10326 10327 10334 10335 10342 10354 10362 10366 10374 10375 10417 10424 10433 10448 10466 10474 10496 10502 
	}
	weather={
	}
}
