
strategic_region={
	id=6
	name="STRATEGICREGION_6"
	provinces={
		221 283 408 494 555 574 582 677 745 748 764 803 813 865 931 937 1020 1024 1067 1175 1193 1196 1248 1251 1268 1269 1272 1274 1323 1367 1418 1449 1473 1495 1498 1515 1565 1574 1575 1604 1640 1705 1729 1792 1832 1850 1852 1862 1894 1915 1920 2000 2010 2057 2075 2095 2184 2185 2189 2240 2400 2415 2419 2462 2467 2492 2493 2511 2560 2582 2669 2670 2684 2702 2712 2753 2787 2823 2835 2857 2954 2964 3026 3029 3040 3049 3073 3107 3114 3120 3145 3151 3215 3248 3328 3346 3368 3411 3434 3496 3500 3501 3572 3680 3701 3737 3742 3789 3887 3934 3968 4010 4024 4031 4188 4214 4218 4236 4240 4266 4296 4307 4342 4345 4365 4366 4426 4520 4597 4629 4674 4703 4712 4724 4749 4770 4785 4855 4907 4928 4933 5001 5005 5013 5033 5037 5090 5099 5113 5151 5153 5175 5202 5206 5217 5263 5376 5419 5435 5463 5487 5503 5517 5539 5603 5608 5753 5772 5797 5830 5836 5846 5875 5901 5936 5944 5954 5974 5984 6006 6029 6055 6072 6145 6248 6249 6251 6255 6348 6360 6364 6369 6378 6388 6390 6395 6404 6406 6513 6538 6543 6569 6587 6593 6597 6607 6634 6664 6706 6710 6711 7215 7218 7227 7231 7236 7247 7261 7262 7279 7289 7296 7306 7321 7325 7330 7344 7360 7366 7374 7381 7382 7390 7398 7407 7438 7439 7444 7459 7462 7479 7480 7481 7482 7496 7501 7513 7531 7536 7542 7558 7564 7571 7575 7585 7587 7593 7611 7612 7618 7619 7620 7628 7636 7637 7648 7649 7654 7655 7664 7672 7683 7686 7687 7696 7697 7699 7700 7705 7710 7720 7725 7728 7735 7744 7751 7759 7765 7770 7782 7792 7793 7804 7805 7806 7814 7815 7824 7829 7832 7833 7841 7850 7854 7864 7881 7890 7896 7903 7905 7906 7909 7927 7934 7935 7937 7942 7943 7947 7957 7968 7969 7972 7978 7979 7985 7987 7994 7995 8000 8012 8016 8017 8018 8024 8058 8059 8069 8075 8080 8093 8094 8099 8102 8112 8117 8129 8134 8145 8164 8165 8183 8190 8194 8209 8220 8228 8235 8236 8241 8256 8257 8258 8259 8263 8268 8269 8277 8283 8290 8303 8309 8312 8316 8334 8346 8355 8359 8360 8366 8369 8372 8382 8383 8384 8385 8391 8392 8397 8424 8429 8431 8436 8437 8438 8463 8472 8473 8474 8478 8479 8487 8488 8516 8517 8518 8520 8525 8534 8549 8560 8562 8568 8588 8589 8600 8601 8604 8606 8631 8640 8667 8673 8678 8704 8709 8710 8714 8741 8770 8799 8816 8824 8846 
	}
	weather={
	}
}
