
strategic_region={
	id=60
	name="STRATEGICREGION_60"
	provinces={
		271 524 734 797 1105 1107 1116 1138 1221 1245 1256 1282 1290 1300 1332 1376 1549 1633 1764 1846 2024 2117 2241 2305 2335 2454 2632 2766 2788 2824 2830 2916 3077 3150 3192 3245 3259 3326 3372 3391 3406 3488 3490 3590 3613 3635 3670 3745 3761 3779 3839 3921 3985 3999 4109 4117 4301 4451 4711 4790 4795 4797 5289 5291 5293 5305 5337 5350 5448 5498 5654 5674 5723 5871 6041 6084 6298 6391 6454 6515 6621 6633 6856 6857 6861 6871 6877 6880 6882 6886 6887 6893 6897 6899 6904 6907 6908 6909 6910 6915 6916 6924 6928 6929 6931 6932 6940 6943 6944 6946 6950 6951 6955 6961 6962 6963 6964 6965 6972 6976 6985 6986 6987 6988 6992 6996 6999 7001 7005 7006 7008 7020 7030 7051 7054 7057 7058 7066 7067 7079 7086 7099 7111 7122 7124 7146 7151 7175 7178 7189 7198 7213 7214 7233 7240 7241 7246 7273 7274 7275 7294 7304 7315 7336 7337 7342 7343 7357 7371 7380 7388 7392 7420 7429 7442 7477 7519 7556 16199 
	}
	weather={
	}
}
