
strategic_region={
	id=8
	name="STRATEGICREGION_8"
	provinces={
		355 474 526 693 758 775 829 1018 1207 1291 1351 1371 1442 1529 1533 1630 1722 1754 1893 1935 2077 2091 2128 2129 2148 2223 2250 2273 2282 2291 2298 2342 2453 2490 2527 2580 2662 2675 2748 2782 2880 2891 2944 2949 2959 2971 3019 3021 3035 3113 3128 3146 3163 3237 3239 3255 3273 3354 3366 3427 3433 3460 3464 3522 3541 3639 3714 3715 3724 3774 3848 3935 3978 4062 4069 4097 4159 4192 4205 4304 4456 4470 4579 4598 4697 4709 4782 4798 4811 4828 4882 4943 5017 5123 5192 5197 5242 5321 5329 5347 5375 5524 5644 5705 5724 5781 5865 5933 6034 6183 6320 6346 6350 6383 6389 6413 6549 6605 6697 8196 8204 8210 8244 8280 8299 8314 8338 8342 8362 8377 8378 8380 8409 8410 8416 8452 8481 8493 8494 8498 8526 8536 8539 8576 8584 8597 8619 8620 8630 8647 8650 8655 8670 8675 8676 8736 8746 8754 8781 8789 8809 8822 8836 8842 8855 8860 8903 8934 8937 8956 8959 8969 8970 9000 9002 9018 9028 9036 9047 9048 9054 9062 9072 9073 9088 9096 9097 9106 9127 9132 9150 9157 9169 9178 9189 9190 9214 9226 9232 9235 9253 9256 9257 9275 9280 9288 9289 9295 9314 9336 9345 9349 9350 9365 9370 9389 9400 9420 9421 9448 9467 9474 9494 9498 9511 9538 
	}
	weather={
	}
}
