
strategic_region={
	id=9
	name="STRATEGICREGION_9"
	provinces={
		143 190 640 886 947 1010 1040 1066 1072 1151 1266 1277 1322 1409 1487 1586 1587 1646 1654 1680 1681 1769 1778 1780 1812 1932 2144 2147 2171 2193 2252 2374 2472 2491 2553 2577 2617 2638 2685 2704 2723 2745 2822 2831 2915 2926 2956 2960 2972 3008 3038 3059 3068 3201 3202 3412 3454 3504 3509 3523 3600 3601 3690 3691 3706 3749 3899 3982 4136 4174 4207 4217 4239 4270 4286 4299 4325 4395 4445 4547 4584 4601 4615 4616 4678 4753 4760 4847 4887 4923 4982 4994 5006 5023 5045 5073 5286 5295 5296 5383 5405 5437 5482 5577 5584 5628 5784 5838 5887 5906 5950 5969 5972 6068 6078 6087 6168 6258 6303 6396 6451 6461 6479 6556 6584 6644 6663 6674 6779 6780 6783 6785 6787 6788 6790 6792 6793 6795 6796 6798 6800 6801 6803 6804 6805 6806 6807 6810 6812 6813 6814 6815 6816 6817 6818 6819 6820 6821 6822 6823 6825 6826 6828 6829 6830 6831 6832 6834 6835 6837 6839 6841 6842 6843 6844 6846 6847 6848 6850 6851 6852 6853 6854 6855 6859 6860 6862 6863 6864 6866 6867 6870 6873 6874 6878 6881 6885 6888 6890 6891 6895 6896 6898 6900 6903 6905 6906 6911 6917 6918 6920 6921 6922 6923 6925 6933 6934 6937 6938 6942 6948 6952 6953 6956 6957 6966 6971 6973 6977 6980 6991 6993 7000 7009 7010 7038 7064 7065 12922 
	}
	weather={
	}
}
