state={
	id=1
	name="STATE_1"
	provinces={
		23 40 41 66 74 75 78 92 106 115 123 126 129 130 134 135 151 156 166 179 198 226 234 235 248 260 272 287 302 325 327 330 332 338 370 426 450 470 471 504 508 510 525 557 563 598 618 661 671 696 714 738 767 783 863 879 882 922 983 1049 1076 1099 1101 1115 1125 1158 1283 1390 1404 1427 1452 1516 1539 1636 1667 1699 1719 1767 1806 1861 1926 1958 1986 2049 2150 2170 2181 2224 2255 2475 2530 2548 2613 2624 2630 2653 2700 2771 2786 2921 3037 3041 3047 3064 3089 3124 3164 3300 3309 3315 3356 3357 3384 3542 3563 3593 3611 3617 3674 3689 3770 3802 3830 3843 3847 3926 3993 4098 4100 4129 4180 4252 4278 4346 4419 4514 4591 4677 4680 4750 4772 4865 4964 5009 5040 5087 5105 5179 5257 5277 5327 5351 5357 5576 5578 5597 5619 5683 5733 5745 5756 5805 5919 5921 5941 5964 5983 6051 6099 6116 6215 6245 6281 6338 6356 6493 6547 6553 6661 7389 7396 7397 7414 7421 7431 7437 7443 7447 7448 7455 7473 7474 7487 7512 7521 7527 7567 7570 7599 7603 7604 7605 7645 7671 7682 7684 7685 7695 7719 7724 7732 7734 7742 7748 7761 7762 7769 7776 7777 7778 7779 7812 7819 7838 7849 7860 7861 7871 7883 7887 7889 7902 7926 7936 7941 7950 7971 7983 7984 7990 8007 8026 8033 8034 8039 8068 8074 8101 8110 8111 8116 8128 8133 8144 8153 8159 8182 8193 8202 8217 8223 8224 8234 8262 8308 8321 8351 8352 8404 8423 8428 8449 8462 8486 8504 8510 8524 8533 8543 8580 8586 8594 8629 8672 8687 8713 8730 8758 8773 8791 8798 8807 8819 8833 8853 8873 8874 8881 8884 8906 8907 9041 9160 9352 11765 12904 12905 
	}
	buildings_max_level_factor=1.000
        manpower=1
        state_category = town
}
