state={
	id=109
	name="STATE_109"
	provinces={
		221 1367 1449 1575 1705 1832 1852 2075 2095 2185 2240 2702 2823 2857 3026 3107 3434 3572 3701 3887 3968 4214 4236 4674 4703 4712 4770 4855 4933 5099 5202 5517 5539 5753 5772 5830 5875 6395 6587 6597 6607 6634 7804 7805 7814 7829 7832 7841 7864 7903 7905 7934 7937 7942 7972 7978 7979 8012 8016 8017 8058 8069 8075 8093 8102 8112 8117 8145 8164 8194 8220 8228 8256 8257 8263 8283 8309 8346 8359 8369 8383 8384 8424 8463 8473 8517 8560 8604 
	}
	history={
		owner = NIE
		add_core_of = NIE
	}
    manpower=340280
    state_category = town
}
