state={
	id=113
	name="STATE_113"
	provinces={
		189 854 1060 1396 1441 1594 1645 1682 1781 2182 2204 2270 2334 2339 2665 3301 3399 3487 3519 3538 3596 4007 4210 4474 4617 4667 4903 4914 4946 5027 5267 5319 5341 5421 5590 6579 6615 7946 7980 8020 8032 8037 8067 8083 8084 8097 8098 8103 8106 8130 8131 8140 8148 8149 8187 8198 8206 8218 8226 8237 8238 8286 8287 8301 8326 8330 8363 8375 8415 8441 8443 8448 8503 
	}
	history={
		owner = SAN
		add_core_of = SAN
	}
    manpower=109592
    state_category = rural
}
