state={
	id=114
	name="STATE_114"
	provinces={
		633 646 857 943 1264 1319 1691 1972 2003 2109 2268 2360 2435 2523 2985 3331 3351 3389 3869 4076 4183 4423 4497 4640 4824 4884 4992 5053 5080 5439 5774 5935 5998 6213 6222 6471 6482 6613 6659 7965 7996 8010 8031 8041 8055 8073 8082 8096 8135 8136 8142 8147 8157 8166 8180 8197 8205 8211 8222 8250 8270 8317 8318 8322 8325 8348 8353 8386 8440 8447 8465 
	}
	history={
		owner = SAN
		add_core_of = SAN
	}
    manpower=81851
    state_category = rural
}
