state={
	id=123
	name="STATE_123"
	provinces={
		700 1497 1517 1625 1710 1740 1889 2228 2424 2531 2732 2750 3027 3096 3450 3648 3738 3771 3805 4115 4303 4575 4687 4915 4968 5036 5071 5365 5554 5807 5987 6503 8285 8298 8329 8335 8370 8373 8374 8389 8399 8400 8407 8408 8412 8413 8414 8442 8446 8450 8451 8460 8490 8492 8501 8502 8505 8509 8529 8565 8566 8582 8583 8596 8602 8607 8633 8643 8706 8723 8735 
	}
	history={
		owner = NIE
		add_core_of = NIE
		victory_points = {
			3450 30 
		}
	}
    manpower=1177676
    state_category = large_town
}
