state={
	id=126
	name="STATE_126"
	provinces={
		306 308 424 720 737 866 1346 1430 1534 1733 1898 1946 2131 2289 2639 3350 3547 3612 3758 4102 4118 4387 4539 4917 5200 5237 5452 5665 5815 5889 5947 6038 6105 6316 6318 6439 6459 8421 8466 8513 8540 8546 8555 8570 8577 8603 8616 8625 8639 8646 8657 8669 8671 8677 8684 8691 8692 8699 8712 8726 8738 8739 8756 8757 8763 8777 8779 8794 8795 8811 8830 8835 8839 8844 8845 8889 
	}
	history={
		owner = BRA
		add_core_of = BRA
	}
    manpower=223531
    state_category = town
}
