state={
	id=26
	name="STATE_26"
	provinces={
		1 9 11 30 36 44 46 55 56 62 72 81 86 91 101 105 110 113 132 133 137 140 150 165 178 187 192 200 203 205 208 210 222 227 244 255 273 275 285 305 313 335 344 351 353 354 357 361 371 376 380 394 395 398 402 419 433 439 461 464 465 475 476 486 490 491 495 500 515 520 523 527 529 539 540 545 548 553 554 561 565 575 579 586 587 595 604 613 619 621 627 638 642 660 662 669 673 680 681 684 685 688 695 707 712 715 728 730 753 757 765 778 786 788 796 812 828 836 838 841 849 861 870 874 887 894 902 905 907 918 919 923 927 934 955 962 981 1001 1005 1008 1014 1025 1035 1038 1059 1061 1077 1088 1103 1129 1133 1149 1153 1156 1178 1181 1184 1200 1213 1222 1225 1236 1241 1246 1262 1280 1302 1333 1342 1356 1359 1365 1386 1391 1392 1407 1438 1445 1457 1462 1474 1489 1504 1513 1544 1546 1551 1555 1564 1590 1595 1608 1614 1622 1632 1641 1643 1649 1653 1655 1671 1676 1685 1687 1689 1692 1703 1713 1714 1727 1746 1753 1775 1779 1785 1795 1804 1817 1818 1820 1825 1829 1831 1838 1858 1859 1871 1880 1922 1930 1948 1951 1955 1967 1968 1973 1982 1995 1998 2002 2006 2008 2027 2036 2041 2044 2058 2062 2067 2071 2079 2080 2087 2088 2089 2090 2096 2098 2157 2163 2169 2172 2176 2186 2187 2230 2248 2260 2262 2284 2286 2290 2296 2303 2313 2315 2337 2356 2362 2364 2365 2366 2367 2376 2414 2422 2423 2439 2444 2464 2466 2484 2487 2497 2516 2539 2544 2556 2581 2584 2587 2593 2596 2599 2600 2601 2618 2637 2643 2651 2673 2679 2682 2689 2691 2696 2699 2749 2764 2769 2770 2775 2792 2809 2816 2827 2845 2852 2858 2859 2870 2885 2889 2899 2901 2914 2928 2932 2963 2966 2969 2970 3003 3007 3031 3043 3069 3070 3085 3101 3112 3137 3152 3158 3180 3186 3200 3203 3204 3210 3218 3223 3233 3241 3264 3267 3274 3276 3287 3288 3324 3325 3333 3347 3363 3369 3373 3390 3395 3416 3417 3423 3455 3478 3480 3482 3494 3514 3517 3521 3527 3533 3550 3558 3560 3568 3574 3578 3589 3615 3650 3660 3678 3728 3735 3740 3809 3832 3835 3842 3855 3863 3886 3898 3902 3908 3917 3932 3940 3988 3995 3998 4006 4009 4015 4026 4027 4043 4053 4054 4056 4067 4082 4122 4154 4161 4175 4204 4209 4228 4229 4251 4264 4271 4293 4311 4313 4314 4326 4338 4352 4371 4376 4383 4390 4438 4462 4476 4496 4516 4517 4526 4551 4560 4567 4570 4594 4611 4626 4630 4642 4650 4651 4659 4681 4705 4720 4733 4754 4755 4767 4774 4781 4850 4880 4889 4911 4922 4924 4930 4935 4949 4953 4954 4970 4975 4978 4986 4999 5000 5007 5008 5011 5054 5116 5117 5137 5138 5159 5176 5182 5187 5191 5198 5203 5212 5250 5251 5256 5266 5276 5282 5297 5310 5338 5364 5366 5374 5378 5390 5398 5400 5407 5411 5416 5433 5441 5449 5464 5484 5488 5499 5508 5529 5536 5551 5563 5575 5580 5585 5592 5624 5646 5664 5668 5670 5700 5710 5721 5747 5775 5787 5798 5817 5832 5833 5842 5844 5856 5859 5864 5883 5897 5903 5914 5923 5934 5949 5975 5993 6005 6021 6027 6077 6086 6090 6092 6107 6111 6123 6126 6144 6152 6156 6175 6187 6197 6204 6227 6246 6290 6299 6329 6353 6430 6445 6456 6464 6465 6480 6499 6528 6529 6551 6557 6565 6580 6627 6635 6638 6651 6665 6682 6698 6712 6945 7021 7032 7040 7046 7047 7068 7073 7129 7147 7179 7200 7209 7242 7243 7268 7295 7305 7329 7368 7372 7373 7404 7430 7465 7509 7526 7535 7557 7563 7569 7597 7598 7616 7627 7669 7681 7691 7692 7703 7704 7727 7740 7741 7787 7788 7795 7823 7828 7831 7837 7853 7859 7886 7894 7895 7900 7901 7913 7925 7929 7930 7931 7956 7967 7993 8002 8006 8023 8028 8029 8038 8044 8045 8057 8065 8078 8079 8108 8109 8121 8126 8127 8143 8152 8163 8213 8255 8276 8282 8296 8333 8340 8345 8358 8371 8381 8406 8427 8471 8506 8515 8537 8542 8548 8567 8585 8628 8649 8686 8695 8722 8752 8753 8782 8797 8832 8866 8912 8928 8962 8991 9040 9052 9093 9099 9120 9130 9140 9147 9173 9210 9238 9249 9271 9291 9311 9319 9324 9329 9340 9341 9366 9372 9383 9394 9415 9416 9426 9445 9459 9472 9485 9499 9529 9565 9572 9573 9579 9596 9608 9614 9642 9703 9721 9758 9766 9806 9856 9857 9896 9905 9906 9911 9925 9936 9941 9952 9957 9977 9981 10002 10020 10027 10031 10040 10054 10061 10079 10085 10086 10093 10107 10108 10118 10122 10124 10133 10146 10158 10168 10174 10185 10189 10192 10209 10210 10211 10216 10225 10233 10241 10242 10245 10248 10268 10275 10278 10293 10297 10302 10323 10324 10336 10338 10351 10368 10384 10388 10391 10402 10413 10425 10431 10445 10450 10457 10462 10467 10484 10485 10488 10489 10491 10504 10516 10517 10519 10522 10527 10532 10533 10549 10554 10555 10556 10560 10570 10571 10578 10591 10592 10597 10600 10604 10607 10612 10620 10628 10629 10634 10645 10646 10654 10656 10657 10662 10672 10673 10681 10696 10722 10742 10746 10752 10761 10764 10778 10790 10837 10888 10897 10927 10932 10961 10965 10973 10994 11019 11040 11050 11054 11068 11088 11094 11103 11114 11121 11136 11146 11170 11193 11197 11213 11222 11223 11231 11256 11272 11275 11318 11346 11347 11379 11391 11399 11423 11424 11438 11439 11440 11457 11478 11524 11527 11558 11559 11565 11584 11589 11595 11610 11630 11661 11664 11671 11679 11686 11712 11731 11737 11777 11847 11935 11959 11976 11977 11984 12002 12011 12017 12043 12049 12050 12063 12080 12081 12086 12089 12118 12119 12124 12141 12150 12156 12181 12184 12189 12204 12205 12210 12219 12221 12228 12231 12236 12243 12247 12249 12257 12265 12283 12284 12288 12294 12302 12303 12306 12309 12320 12328 12331 12332 12341 12358 12359 12360 12362 12364 12376 12404 12416 12431 12443 12464 12482 12500 12528 12545 12553 12568 12571 12577 12592 12593 12597 12601 12606 12608 12609 12615 12624 12625 12627 12628 12630 12633 12646 12653 12659 12662 12663 12679 12683 12684 12692 12695 12696 12700 12701 12707 12708 12715 12718 12719 12721 12722 12728 12736 12745 12749 12751 12752 12754 12755 12756 12767 12771 12777 12780 12781 12782 12783 12799 12806 12808 12809 12819 12825 12830 12835 12848 12850 12851 12866 12875  
	}
	buildings_max_level_factor=1.000
        manpower=1
        state_category = town
}
