state={
	id=388
	name="STATE_388"
	provinces={
		2 6 12 34 37 38 42 43 48 53 54 61 71 84 95 100 112 114 124 148 154 159 164 170 182 193 206 212 223 229 231 236 246 251 256 261 292 293 311 314 317 322 328 337 342 345 352 359 364 365 366 367 373 381 384 387 391 392 399 410 412 438 442 454 457 485 492 517 519 528 533 535 536 538 551 566 567 577 578 590 591 600 601 608 623 624 654 655 657 663 679 686 687 691 698 702 706 709 716 727 732 744 747 750 760 762 768 769 777 781 785 795 798 805 807 815 820 847 850 852 864 876 877 895 898 899 906 912 920 928 935 944 946 952 963 969 970 973 987 991 992 1016 1023 1033 1036 1065 1087 1094 1104 1123 1140 1144 1170 1173 1174 1182 1201 1231 1237 1238 1255 1267 1270 1278 1281 1287 1295 1301 1308 1310 1317 1321 1326 1349 1362 1383 1384 1410 1411 1424 1432 1448 1450 1454 1468 1476 1482 1532 1558 1561 1573 1611 1673 1715 1716 1717 1723 1745 1747 1790 1816 1839 1845 1857 1878 1881 1901 1908 1909 1913 1916 1969 1988 1989 1991 1996 2016 2030 2035 2045 2050 2055 2078 2082 2115 2119 2122 2146 2149 2151 2153 2208 2212 2213 2229 2234 2238 2276 2287 2300 2311 2316 2327 2346 2349 2353 2358 2387 2390 2403 2404 2432 2440 2465 2482 2483 2488 2502 2526 2562 2568 2571 2586 2619 2640 2650 2656 2664 2707 2714 2720 2758 2794 2796 2805 2814 2839 2846 2883 2886 2890 2896 2897 2905 2908 2909 2910 2925 2931 2973 2978 2980 2990 2994 2995 3012 3023 3024 3032 3044 3053 3081 3091 3100 3106 3127 3154 3165 3220 3228 3242 3246 3249 3250 3252 3260 3277 3295 3318 3319 3352 3359 3364 3370 3385 3386 3425 3452 3477 3479 3503 3524 3549 3566 3567 3579 3597 3616 3640 3652 3658 3668 3672 3686 3702 3713 3718 3722 3723 3766 3781 3796 3799 3803 3860 3862 3868 3888 3893 3894 3924 3992 4014 4033 4036 4039 4045 4046 4051 4052 4089 4093 4096 4106 4111 4121 4125 4127 4132 4134 4146 4148 4162 4165 4170 4190 4196 4206 4215 4222 4223 4232 4246 4261 4262 4263 4265 4277 4281 4327 4334 4354 4363 4367 4388 4409 4428 4430 4435 4441 4463 4500 4503 4522 4530 4540 4544 4559 4564 4578 4588 4589 4636 4639 4664 4665 4692 4694 4701 4704 4727 4730 4737 4784 4836 4837 4846 4852 4860 4864 4873 4896 4904 4912 4921 4976 4983 4991 4993 4995 5019 5025 5066 5069 5076 5091 5110 5124 5131 5132 5135 5157 5163 5167 5183 5193 5210 5233 5234 5245 5258 5265 5292 5304 5335 5393 5412 5425 5427 5447 5458 5480 5501 5530 5565 5569 5595 5600 5604 5626 5632 5647 5652 5657 5658 5667 5673 5680 5686 5719 5736 5746 5760 5782 5783 5802 5804 5823 5826 5839 5855 5878 5971 5994 6013 6018 6023 6025 6026 6028 6033 6047 6053 6054 6059 6138 6148 6184 6190 6199 6206 6235 6242 6250 6259 6260 6274 6279 6308 6313 6337 6345 6349 6367 6372 6377 6382 6422 6429 6442 6446 6458 6462 6470 6488 6500 6504 6521 6541 6558 6582 6586 6608 6617 6620 6628 6688 8920 8944 8963 8976 8977 8986 8996 9042 9045 9058 9100 9115 9131 9144 9167 9194 9230 9239 9260 9272 9306 9320 9362 9407 9412 9460 9463 9506 9507 9548 9574 9597 9619 9624 9635 9660 9697 9722 9723 9724 9734 9759 9767 9798 9807 9888 9889 9958 9967 10021 10032 10041 10067 10094 10115 10175 10193 10199 10243 10287 10310 10330 10339 10355 10363 10376 10385 10395 10403 10426 10434 10438 10468 10469 10470 10498 10505 10510 10511 10523 10528 10535 10545 10550 10557 10561 10564 10575 10579 10583 10598 10613 10624 10647 10658 10686 10687 10693 10697 10713 10717 10720 10730 10753 10762 10769 10787 10815 10820 10850 10853 10859 10865 10875 10904 10905 10933 10940 10942 10949 10950 10954 10967 10977 10983 10985 10998 11000 11001 11014 11017 11026 11030 11062 11091 11100 11111 11122 11164 11196 11260 11297 11321 11326 11332 11365 11366 11400 11425 11427 11432 11441 11444 11458 11467 11475 11476 11479 11487 11488 11492 11494 11504 11507 11508 11515 11518 11519 11531 11536 11542 11544 11551 11566 11567 11572 11577 11596 11597 11601 11604 11614 11615 11616 11625 11631 11636 11642 11643 11644 11647 11653 11654 11662 11663 11673 11680 11681 11682 11687 11703 11713 11719 11723 11729 11732 11738 11739 11746 11753 11759 11760 11774 11775 11778 11782 11787 11795 11798 11803 11809 11811 11812 11816 11821 11828 11839 11844 11855 11867 11873 11894 11898 11900 11904 11908 11909 11920 11921 11925 11926 11931 11936 11956 11967 11981 11985 11986 11987 12003 12012 12021 12026 12027 12034 12053 12059 12064 12095 12096 12101 12130 12138 12140 12163 12168 12172 12194 12195 12196 12229 12232 12240 12250 12261 12266 12285 12289 12290 12322 12323 12354 12367 12368 12384 12398 12405 12417 12447 12448 12472 12526 12537 12551 12554 12559 12578 12579 12591 12594 12603 12604 12618 12620 12622 12632 12636 12642 12647 12648 12649 12650 12656 12657 12658 12661 12664 12665 12666 12667 12671 12672 12674 12676 12677 12678 12680 12681 12682 12685 12686 12687 12688 12689 12691 12694 12697 12698 12699 12702 12703 12706 12709 12710 12711 12712 12713 12714 12716 12720 12723 12724 12725 12726 12729 12730 12732 12733 12734 12737 12738 12739 12740 12741 12742 12743 12744 12746 12747 12748 12750 12753 12757 12758 12759 12761 12762 12763 12765 12768 12769 12770 12772 12773 12774 12775 12776 12778 12779 12784 12785 12786 12787 12788 12789 12790 12791 12792 12793 12794 12795 12796 12797 12798 12800 12801 12802 12803 12804 12805 12807 12810 12811 12812 12813 12814 12815 12816 12818 12820 12821 12822 12823 12824 12826 12827 12828 12829 12831 12832 12833 12834 12836 12837 12838 12839 12840 12841 12842 12843 12844 12845 12846 12847 12849 12852 12853 12854 12855 12856 12857 12858 12859 12860 12861 12862 12863 12864 12865 12867 12868 12869 12870 12871 12872 12873 12874 12876 12877 12878 12879 12880 12881 12882 12883 12884 12885 12886 12887 12888 12889 12890 12891 12892 12893 12894 12895 12896 12897 12898 12899 12900 12901 12902 12903 

	}
	buildings_max_level_factor=1.000
        manpower=1
        state_category = town
}
