state={
	id=4
	name="STATE_4"
	provinces={
		13 17 121 323 835 848 862 871 974 995 1007 1086 1612 1693 1797 1978 2013 2051 2104 2164 2591 2690 2790 3001 3098 3293 3294 3469 3472 3727 3896 4344 4668 4888 4980 5201 5215 5298 5381 5663 5996 6067 6146 6151 6165 6307 6394 6399 6666 6728 6729 6730 6732 6733 6734 6735 6736 6737 6738 6739 6740 6741 6742 6743 6744 6745 6746 6747 6748 6750 6751 6752 6753 6754 6755 6756 6757 6758 6759 6762 6763 6764 6765 6766 6768 6769 6770 6771 6772 6774 6775 6776 6777 6778 6781 6782 6784 6786 
	}
	buildings_max_level_factor=1.000
        manpower=1
        state_category = town
}
