state={
	id=44
	name="STATE_44"
	provinces={
		1063 1331 1876 1919 2514 2615 2623 2841 2895 3414 3811 3813 3960 3969 4773 4789 5227 5290 5691 6273 6606 6936 6947 6949 6958 6960 6969 6970 6975 6978 6979 6983 6984 6989 6990 6995 6997 7002 7011 7012 7015 7026 7035 7043 388 455 665 1637 1660 1755 1844 1905 2231 2609 2666 2717 2807 2819 2906 2943 3195 3197 3266 3345 3696 3851 4331 4379 4625 4794 5333 5460 5541 5598 5713 7007 7029 7061 7078 7081 7085 7089 7096 7098 7104 7108 7110 7121 7128 7131 7132 7133 7145 7150 7154 7155 7156 7157 7166 7174 7177 7182 7186 7196 7206 7211 7212 7225 7230 7253 
	}
	history={
		owner = MVP
		add_core_of = MVP
	}
    manpower=220807
    state_category = rural
}
