state={
	id=47
	name="STATE_47"
	provinces={
		1138 1256 1290 1633 1846 2305 2788 3245 3259 3326 3670 3761 3839 3921 4109 4711 4790 4797 5337 5350 5448 5654 5674 6298 6950 6951 6962 6986 6988 6996 7006 7008 7030 7051 7057 7058 7066 7067 7086 7099 7111 7122 7124 7146 7151 7178 6955 7001 734 1116 1245 1300 1376 2024 2830 2916 3077 3391 3406 3488 3490 3745 4301 4451 5723 6391 6621 7175 7189 7198 7213 7214 7233 7240 7241 7246 7273 7274 7275 7294 7304 7315 7336 7337 7342 7343 7357 7371 7380 7388 7392 7420 7429 7442 7477 7519 7556 
	}
	history={
		owner = MVP
		add_core_of = MVP
	}
    manpower=101164
    state_category = rural
}
