state={
	id=71
	name="STATE_71"
	provinces={
		360 1039 1148 1425 1615 2085 2188 2437 2708 2721 2731 2919 3094 3261 3684 3721 3905 3989 4080 4141 4418 4595 4622 4738 4927 5765 6134 6288 6376 6490 6559 7197 7208 7222 7239 7255 7256 7320 7341 7386 7387 7416 7417 7427 7435 7436 7446 7468 7469 7472 7478 7486 7498 7505 7506 7525 7534 7566 7579 7607 7625 7630 7631 7653 7283 6650 125 547 1307 1429 1750 1983 2106 2113 2161 2280 2389 2547 2722 2854 3045 3191 3358 3853 3854 4081 4878 5208 5344 5446 5461 6065 6412 6548 7245 7249 7280 7300 7301 7309 7313 7324 7328 7334 7335 7340 7347 7350 7365 7378 7379 7425 7426 7452 7457 7470 7471 7492 7524 7554 7555 7568 7582 7606 7642 368 703 945 1022 1185 1318 1336 1528 1605 1800 2083 2116 2256 2274 2476 2768 3002 3221 3991 4030 4197 4231 4309 4328 4523 4710 5052 5485 5605 5803 5850 6481 6611 6662 6719 7013 7017 7027 7031 7062 7072 7083 7109 7134 7136 7140 7160 7162 7183 7187 7188 7207 7217 7226 7254 7267 7293 
	}
	history={
		owner = MVP
		add_core_of = MVP
	}
    manpower=259568
    state_category = rural
}
