state={
	id=83
	name="STATE_83"
	provinces={
		532 569 614 752 1026 1058 1130 1507 1562 1906 2017 2065 3234 3495 3508 3817 3827 3950 4140 4364 4468 4821 4827 5004 5189 5559 5607 5630 5764 5773 5800 6110 6112 6302 6370 6421 7308 7316 7322 7349 7352 7353 7354 7364 7377 7391 7400 7401 7411 7434 7441 7445 7466 7484 7497 7502 7516 7517 7528 7529 7541 7546 7565 7574 7578 7581 7589 7596 7602 7629 7634 7635 7644 7652 7657 7661 7667 7716 7733 7754 379 726 913 1136 1584 1658 1666 1805 2118 2178 2225 2519 2532 2671 3365 3415 4002 4257 4298 4340 4382 4627 4719 4761 4766 4783 4863 5230 5589 5762 5778 5962 5991 6162 6306 6373 6536 7184 7185 7193 7205 7221 7229 7238 7248 7266 7287 7290 7292 7314 7317 7318 7323 7333 7339 7355 7356 7362 7367 7394 7402 7412 7415 7419 7451 7456 7461 7464 7467 7485 7491 7503 7504 7530 7547 
	}
	history={
		owner = MVP
		add_core_of = MVP
	}
    manpower=214161
    state_category = rural
}
