state={
	id=87
	name="STATE_87"
	provinces={
		4 7 16 24 29 32 45 51 60 68 69 70 77 79 85 90 94 102 109 116 119 136 141 145 149 152 155 157 158 160 161 172 180 184 188 195 242 247 257 258 263 264 266 267 270 284 290 295 309 315 320 333 341 349 350 378 385 386 397 401 422 458 472 478 488 498 543 552 570 576 580 592 593 615 634 649 659 675 689 697 733 749 751 759 773 774 802 806 832 840 853 873 875 900 901 909 940 942 956 966 1041 1084 1108 1146 1147 1180 1186 1197 1218 1229 1233 1235 1244 1249 1260 1327 1369 1547 1599 1606 1782 1911 1917 2046 2124 2549 2728 2881 3291 3516 3806 4484 4868 4899 4963 5075 5185 5238 5406 8538 9359 10303 10928 10966 11745 12655  
	}
	buildings_max_level_factor=1.000
        manpower=1
        state_category = town
}
