state={
	id=89
	name="STATE_89"
	provinces={
		404 763 819 858 1106 1141 1299 1481 1602 1623 1802 1826 1863 2525 2542 2667 2922 3143 3431 3553 3642 4049 4103 4152 4200 4321 4386 4513 4542 4563 4607 4758 4939 5058 5134 5260 5269 5288 5367 5388 5651 5717 5779 5886 5927 6201 6317 6342 7403 7413 7428 7458 7476 7495 7499 7500 7507 7508 7518 7548 7549 7550 7583 7586 7592 7609 7610 7626 7632 7641 7647 7677 7689 7690 7693 7694 7726 7731 7739 7750 7785 7786 7803 7811 7818 7836 7844 7858 7877 7888 
	}
	history={
		owner = BRA
		add_core_of = BRA
	}
    manpower=117803
    state_category = rural
}
