state={
	id=99
	name="STATE_99"
	provinces={
		406 1155 1401 1413 1494 1499 1959 2216 2219 2372 2386 2606 2697 2718 2869 2892 2967 3076 3270 3607 3609 4164 4335 4380 4460 4498 4521 4525 5149 5264 5424 5518 5688 5695 5701 5750 6452 6625 7668 7676 7708 7717 7723 7743 7749 7758 7763 7781 7801 7802 7826 7827 7835 7843 7869 7874 7884 7885 7912 7918 7924 7928 7949 7960 7961 7975 7997 7998 8003 8004 8005 8011 8042 8048 8060 8090 8091 8124 8137 
	}
	history={
		owner = BRB
		add_core_of = BRB
	}
    manpower=99929
    state_category = rural
}
